$ 1 0.000015625 0.8729138363720133 60 6 50
a 160 368 272 368 0 15 -15 1000000 0 3.4682792308860155
w 160 384 160 448 0
w 160 448 272 448 0
r 272 368 272 448 0 10000
a 384 384 496 384 0 15 -15 1000000 0.000011445478019288133 0
w 352 448 496 448 0
w 496 448 496 384 0
w 496 384 496 320 0
c 384 320 496 320 0 4e-7 1.1445592474068327
w 384 320 384 368 0
r 336 256 384 256 0 20000
g 384 400 384 416 0
w 160 352 128 352 0
g 128 352 128 384 0
211 496 384 592 384 0 10 8000 1
159 304 256 336 256 0 20 10000000000
159 304 288 336 288 0 20 10000000000
r 336 288 384 288 0 10000
w 384 288 384 320 0
w 384 256 384 288 0
w 256 272 320 272 0
w 256 304 320 304 0
w 272 368 272 288 0
w 272 288 304 288 0
w 272 288 272 256 0
w 272 256 304 256 0
w 144 272 256 272 0
w 144 224 144 272 0
w 144 304 256 304 0
R -656 128 -688 128 1 2 4 2.5 2.5 0 0.5
w 144 208 160 208 0
w 160 208 160 240 0
159 304 224 336 224 0 20 10000000000
w 160 240 320 240 0
w 272 256 272 224 0
w 272 224 304 224 0
r 336 224 384 224 0 35000
w 384 224 384 256 0
r 272 448 352 448 0 4000
164 -624 -80 -592 -80 0 4 0 0 0 5 false
I -656 128 -656 -80 0 0.5 5
w -656 -80 -624 -80 0
w -528 -80 -528 -112 0
w -528 -112 -640 -112 0
w -640 -112 -640 0 0
w -640 0 -624 16 0
154 -432 -32 -336 -32 0 2 5 5
150 -336 -16 -256 -16 0 2 0 5
150 -256 0 -160 0 0 2 0 5
w -480 -48 -448 -48 0
w -480 -16 -464 -16 0
w -432 -16 -432 16 0
w -336 16 -336 0 0
w -480 16 -480 48 0
I -480 48 -256 48 0 0.5 5
w -256 48 -256 16 0
152 -160 16 -32 16 0 2 0 5
w -448 -48 -432 -48 0
w -464 -16 -432 -16 0
w -448 -48 -448 96 0
w -464 -16 -464 176 0
w -480 48 -480 128 0
150 -448 112 -352 112 0 2 0 5
w -480 128 -448 128 0
I -464 176 -352 176 0 0.5 5
w -352 176 -352 144 0
150 -352 128 -256 128 0 2 0 5
w -256 128 -256 80 0
w -256 80 -160 80 0
w -160 80 -160 32 0
w 144 16 144 208 0
w -432 16 -336 16 0
w -528 -48 -480 16 0
w -528 -16 -480 -16 0
w -528 16 -480 -48 0
154 -432 224 -320 224 0 2 0 5
w -480 208 -432 208 0
w -480 256 -480 240 0
w -480 240 -432 240 0
w -496 320 -320 320 0
150 -320 240 -240 240 0 2 0 5
I -320 320 -320 256 0 0.5 5
w -480 256 -480 352 0
w -480 352 -272 352 0
w -320 320 -272 320 0
150 -272 336 -192 336 0 2 0 5
152 -176 272 -96 272 0 2 0 5
w -240 240 -240 256 0
w -240 256 -176 256 0
w -192 336 -192 288 0
w -192 288 -176 288 0
164 -656 224 -608 224 0 4 0 0 0 0 false
w -656 176 -656 224 0
w -560 224 -560 192 0
w -560 192 -672 192 0
w -672 192 -672 320 0
w -672 320 -656 320 0
w -560 320 -544 320 0
w -544 320 -480 208 0
w -560 288 -512 288 0
w -512 288 -480 240 0
w -528 256 -512 320 0
w -512 320 -496 320 0
w -96 272 0 272 0
w 0 272 0 224 0
w -656 128 -656 176 0
w 0 224 144 224 0
w -32 16 144 16 0
w -384 464 -384 512 0
w -352 512 -320 512 0
w -384 576 -384 544 0
w -384 544 -320 544 0
w -384 688 -384 608 0
w -384 608 -224 608 0
w -224 608 -224 560 0
154 -320 672 -240 672 0 2 0 5
w -384 688 -320 688 0
w -384 512 -352 512 0
w -352 512 -352 656 0
w -352 656 -320 656 0
w -384 576 -256 576 0
w -256 576 -256 640 0
I -256 640 -192 640 0 0.5 5
w -240 672 -192 672 0
150 -192 656 -112 656 0 2 0 5
150 -320 528 -224 528 0 2 0 5
150 -224 544 -128 544 0 2 0 5
153 -304 448 -208 448 0 2 5 5
w -320 544 -320 464 0
w -320 464 -304 464 0
w -384 464 -384 432 0
w -384 432 -304 432 0
I -208 448 -144 448 0 0.5 5
153 -144 432 -64 432 0 2 5 5
w -416 688 -384 688 0
w -416 688 -416 416 0
w -416 416 -144 416 0
152 -64 496 16 496 0 2 5 5
152 16 560 96 560 0 2 5 5
w -112 656 -112 576 0
w -112 576 16 576 0
w -128 544 -128 512 0
w -128 512 -64 512 0
w -64 432 -64 480 0
w 16 496 16 544 0
w -464 464 -384 464 0
w -464 576 -384 576 0
w -464 688 -416 688 0
w -560 256 -528 256 0
w -528 256 -528 688 0
w -528 688 -464 688 0
w -512 288 -512 576 0
w -512 576 -464 576 0
w -544 320 -544 464 0
w -544 464 -464 464 0
w 96 560 96 304 0
w 96 304 144 304 0
o 14 4 0 4098 10 0.000048828125 0 1
