$ 1 0.000005 10.20027730826997 50 5 50
155 32 -224 48 -224 6 5
155 208 -224 240 -224 6 0
155 400 -224 432 -224 6 5
155 592 -224 608 -224 6 5
w 496 -224 592 -192 0
w 512 -192 512 -128 0
w 512 -128 384 -128 0
w 384 -128 384 -224 0
w 320 -192 320 -128 0
w 320 -128 192 -128 0
w 192 -128 192 -224 0
w 192 -224 208 -224 0
w 384 -224 400 -224 0
w 144 -192 144 -128 0
w 144 -128 16 -128 0
w 16 -128 16 -224 0
w 16 -224 32 -224 0
w 304 -224 400 -192 0
w 128 -224 208 -192 0
w 704 -192 704 -128 0
w 704 -128 576 -128 0
w 576 -128 576 -224 0
w 576 -224 592 -224 0
w 688 -192 704 -192 0
w 496 -192 512 -192 0
w 304 -192 320 -192 0
w 128 -192 144 -192 0
150 128 48 128 -16 0 2 0 5
150 32 48 32 -16 0 2 0 5
150 208 48 208 -16 0 2 0 5
150 304 48 304 -16 0 2 0 5
150 400 48 400 -16 0 2 0 5
150 496 48 496 -16 0 2 0 5
150 592 48 592 -16 0 2 0 5
150 688 48 688 -16 0 2 0 5
w 16 80 16 48 0
w 16 80 112 80 0
w 112 80 112 48 0
w 112 80 192 80 0
w 192 80 192 48 0
w 192 80 288 80 0
w 288 80 288 48 0
w 288 80 384 80 0
w 384 80 384 48 0
w 384 80 480 80 0
w 480 80 480 48 0
w 480 80 576 80 0
w 576 80 576 48 0
M 704 -400 704 -480 0 2.5
M 512 -368 512 -480 0 2.5
M 320 -336 320 -480 0 2.5
M 144 -304 144 -480 0 2.5
w 576 80 672 80 0
w 672 80 672 48 0
w 32 -112 32 -160 0
w 128 -16 128 -160 0
w 208 -112 208 -160 0
w 304 -16 304 -160 0
w 400 -112 400 -160 0
w 496 -16 496 -160 0
w 592 -112 592 -160 0
w 688 -16 688 -160 0
I 144 144 48 144 0 0.5 5
w 48 144 48 48 0
w 144 144 144 48 0
w 320 144 320 48 0
w 224 144 224 48 0
I 320 144 224 144 0 0.5 5
w 512 144 512 48 0
w 416 144 416 48 0
I 512 144 416 144 0 0.5 5
w 704 144 704 48 0
w 608 144 608 48 0
I 704 144 608 144 0 0.5 5
R -128 -192 -352 -192 1 2 100 2.5 2.5 0 0.5
w -64 -192 32 -192 0
150 -64 64 0 64 0 2 0 5
w 0 64 16 80 0
! default 0 A,B,C,D O,D0,D1,D2,D3 custom\slogic 0000\q00000\n0001\q00000\n0010\q00000\n0011\q00000\n0100\q11000\n0101\q00000\n0110\q00000\n0111\q00000\n1000\q00000\n1001\q00000\n1010\q00000\n1011\q00000\n1100\q00000\n1101\q00000\n1110\q00000\n1111\q00000\n
208 -128 -400 -112 -400 1024 default 0 0 0 0 0
w 704 -192 704 -400 0
w 704 -400 -32 -400 0
w 512 -192 512 -368 0
w 512 -368 -32 -368 0
w 320 -192 320 -336 0
w 320 -336 -32 -336 0
w 144 -192 144 -304 0
w 144 -304 -32 -304 0
w -128 -400 -144 -400 0
w -144 -400 -144 80 0
w -144 80 -64 80 0
w -128 -368 -160 -368 0
w -160 -368 -160 160 0
w -160 160 144 160 0
w 144 160 144 144 0
w -128 -336 -176 -336 0
w -176 -336 -176 176 0
w -176 176 320 176 0
w 320 176 320 144 0
w -128 -304 -192 -304 0
w -192 -304 -192 192 0
w -192 192 512 192 0
w 512 192 512 144 0
w -128 -272 -208 -272 0
w -208 -272 -208 208 0
w -208 208 704 208 0
w 704 208 704 144 0
w -64 -192 -64 48 0
I -128 -192 -64 -192 0 0.5 5
152 32 -48 32 -112 0 2 0 5
152 208 -48 208 -112 0 2 0 5
152 400 -48 400 -112 0 2 0 5
152 592 -48 592 -112 0 2 0 5
R 816 -32 848 -32 0 0 40 5 0 0 0.5
c 816 -32 784 -32 0 0.00001 4.9999999226954275
r 784 -32 784 16 0 1000
g 784 16 784 32 0
w 784 -32 608 -32 0
w 608 -32 608 -48 0
w 608 -32 416 -32 0
w 416 -32 416 -48 0
w 416 -32 224 -32 0
w 224 -32 224 -48 0
w 224 -32 48 -32 0
w 48 -32 48 -48 0
w 32 -16 16 -16 0
w 16 -16 16 -48 0
w 208 -16 192 -16 0
w 192 -16 192 -48 0
w 400 -16 384 -16 0
w 384 -16 384 -48 0
w 592 -16 576 -16 0
w 576 -16 576 -48 0

