$ 1 0.000005 10.20027730826997 50 5 43
164 144 160 192 160 0 4 0 0 0 5 false
R 144 160 80 160 1 2 100 2.5 2.5 0 0.5
185 304 128 320 128 0
185 496 -128 512 -128 0
185 496 64 512 64 0
185 496 256 512 256 0
185 496 448 512 448 0
w 432 128 432 -128 0
w 432 -128 496 -128 0
w 432 160 464 160 0
w 464 160 464 64 0
w 464 64 496 64 0
w 432 192 464 192 0
w 464 192 464 256 0
w 464 256 496 256 0
w 432 224 432 448 0
w 432 448 496 448 0
w 240 256 288 256 0
w 288 256 288 416 0
w 288 608 528 608 0
w 288 416 528 416 0
w 288 416 288 608 0
w 288 256 288 32 0
w 288 32 448 32 0
w 448 32 528 32 0
w 448 32 448 224 0
w 448 224 528 224 0
w 240 224 272 224 0
w 272 224 272 48 0
w 272 48 464 48 0
w 464 48 560 48 0
w 560 48 560 32 0
w 464 48 464 240 0
w 464 240 560 240 0
w 560 240 560 224 0
w 272 224 272 432 0
w 272 432 560 432 0
w 560 432 560 416 0
w 272 432 272 624 0
w 272 624 560 624 0
w 560 624 560 608 0
w 240 192 304 192 0
w 304 192 304 288 0
w 304 288 336 288 0
w 240 160 256 160 0
w 256 160 256 304 0
w 256 304 368 304 0
w 368 304 368 288 0
R 304 128 304 80 0 0 40 5 0 0 0.5
s 800 -32 880 -32 0 1 false
s 800 32 880 32 0 1 false
s 800 64 880 64 0 1 false
s 800 96 880 96 0 1 false
s 800 128 880 128 0 1 false
s 800 160 880 160 0 1 false
s 800 0 880 0 0 1 false
s 800 192 880 192 0 1 false
s 800 448 880 448 0 1 false
s 800 256 880 256 0 1 false
s 800 416 880 416 0 1 false
s 800 384 880 384 0 1 false
s 800 352 880 352 0 1 false
s 800 320 880 320 0 1 false
s 800 288 880 288 0 1 false
s 800 224 880 224 0 1 false
w 624 -128 800 -128 0
w 800 -128 800 -32 0
w 624 -96 784 -96 0
w 784 -96 784 0 0
w 784 0 800 0 0
w 624 -64 768 -64 0
w 768 -64 768 32 0
w 768 32 800 32 0
w 624 -32 752 -32 0
w 752 -32 752 64 0
w 752 64 800 64 0
w 624 64 720 64 0
w 720 64 720 96 0
w 720 96 800 96 0
w 624 96 688 96 0
w 688 96 688 128 0
w 688 128 800 128 0
w 624 128 672 128 0
w 672 128 672 160 0
w 672 160 800 160 0
w 624 160 656 160 0
w 656 160 656 192 0
w 656 192 800 192 0
w 624 256 624 224 0
w 624 224 800 224 0
w 624 288 656 288 0
w 656 288 656 256 0
w 656 256 800 256 0
w 624 320 688 320 0
w 688 320 688 288 0
w 688 288 800 288 0
w 624 352 720 352 0
w 720 352 720 320 0
w 720 320 800 320 0
w 624 448 736 448 0
w 736 448 736 352 0
w 736 352 800 352 0
w 624 480 768 480 0
w 768 480 768 384 0
w 768 384 800 384 0
w 624 512 784 512 0
w 784 512 784 416 0
w 784 416 800 416 0
w 624 544 800 544 0
w 800 544 800 448 0
I 1056 176 1136 176 0 0.5 5
w 880 -32 1056 -32 0
w 1056 -32 1056 176 0
w 880 0 1024 0 0
w 1024 0 1024 176 0
w 1024 176 1056 176 0
w 880 32 992 32 0
w 992 32 992 176 0
w 992 176 1024 176 0
w 880 64 960 64 0
w 960 64 960 176 0
w 960 176 992 176 0
w 880 96 928 96 0
w 928 96 928 176 0
w 928 176 960 176 0
w 880 128 912 128 0
w 912 128 912 176 0
w 912 176 928 176 0
w 880 160 896 160 0
w 896 160 896 176 0
w 896 176 912 176 0
w 880 192 896 192 0
w 896 192 896 176 0
w 880 224 912 224 0
w 912 224 912 176 0
w 880 256 928 256 0
w 928 256 928 176 0
w 880 288 960 288 0
w 960 288 960 176 0
w 880 320 992 320 0
w 992 320 992 176 0
w 880 352 1024 352 0
w 1024 352 1024 176 0
w 880 384 1056 384 0
w 1056 384 1056 176 0
w 880 416 1056 416 0
w 1056 416 1056 384 0
w 880 448 1056 448 0
w 1056 448 1056 416 0
I 1136 176 1200 176 0 0.5 5
w 1200 176 1200 656 0
w 1200 656 144 656 0
w 144 656 144 256 0

