$ 1 0.000005 6.450009306485578 50 5 43
164 -48 32 -32 32 0 4 0 0 0 0 false
164 -48 192 -16 192 0 4 0 0 0 0 false
R -128 112 -176 112 1 2 200 2.5 2.5 0 0.5
L -64 288 -64 336 0 1 false 5 0
w -64 288 -48 288 0
w -64 288 -64 128 0
w -64 128 -48 128 0
151 64 320 64 384 0 4 5 5
w -80 384 -80 32 0
w -80 32 -48 32 0
w -128 112 -128 192 0
w -128 192 -48 192 0
! ether-sim 0 a,b,c,d,e,f,g,h j ether-sim 00000000\q0\n00000001\q0\n00000010\q1\n00000011\q0\n00000100\q1\n00000101\q0\n00000110\q1\n00000111\q0\n00001000\q1\n00001001\q1\n00001010\q0\n00001011\q1\n00001100\q1\n00001101\q0\n00001110\q0\n00001111\q1\n00010000\q0\n00010001\q0\n00010010\q1\n00010011\q0\n00010100\q1\n00010101\q0\n00010110\q1\n00010111\q0\n00011000\q1\n00011001\q1\n00011010\q0\n00011011\q1\n00001100\q1\n00001101\q0\n00001110\q0\n00001111\q1\n
208 64 32 80 32 0 ether-sim 0
w 48 288 64 256 0
w 48 256 64 224 0
w 48 224 64 192 0
w 48 192 64 160 0
w 48 32 64 32 0
w 48 64 64 64 0
w 48 96 64 96 0
w 48 128 64 128 0
189 176 0 192 -16 2048
w -128 112 -128 0 0
w -128 0 176 0 0
150 176 112 176 192 0 2 0 5
w 272 96 192 112 0
w 240 96 160 112 0
w 160 32 176 32 0
189 -192 928 -160 928 0
150 -224 784 -224 864 0 2 0 5
153 -16 880 -16 784 0 8 5 5
w -128 896 -80 880 0
w -96 896 -64 880 0
w -64 896 -48 880 0
w -32 896 -32 880 0
w 0 896 0 880 0
w 32 896 16 880 0
w 64 896 32 880 0
w 96 896 48 880 0
w -224 864 -224 960 0
w -224 960 -192 960 0
168 1248 -608 1280 -608 2048 4
168 1248 -768 1280 -768 2048 4
w -16 784 -208 784 0
w 896 -576 1248 -576 0
w 880 -544 1248 -544 0
w 864 -512 1248 -512 0
w 848 -480 1248 -480 0
w 912 -640 1248 -640 0
w 928 -672 1248 -672 0
w 944 -704 1248 -704 0
w 960 -736 1248 -736 0
w 1232 -608 1248 -608 0
w 1232 -608 1232 -768 0
w 1232 -768 1248 -768 0
152 112 800 112 720 0 2 0 5
L 656 1040 736 1040 0 0 false 5 0
168 1248 -96 1280 -96 2048 4
168 1248 64 1280 64 2048 4
189 240 928 288 928 0
w -224 992 -192 992 0
w -224 992 -224 1024 0
w -224 1024 240 1024 0
w 240 1024 240 992 0
w 224 848 224 960 0
w 224 960 240 960 0
w 560 1040 560 880 0
w 560 1040 128 1040 0
w 128 1040 128 800 0
w 464 96 496 96 0
w 432 96 432 112 0
w 496 96 496 -64 0
w 960 -64 1248 -64 0
w 432 112 512 112 0
w 512 112 512 -32 0
w 944 -32 1248 -32 0
w 400 96 400 128 0
w 400 128 528 128 0
w 528 128 528 0 0
w 928 0 1248 0 0
w 368 96 368 144 0
w 368 144 544 144 0
w 544 144 544 32 0
w 912 32 1248 32 0
w 336 96 336 160 0
w 336 160 560 160 0
w 560 160 560 96 0
w 896 96 1248 96 0
w 304 96 304 176 0
w 304 176 576 176 0
w 576 176 576 128 0
w 880 128 1248 128 0
w 272 96 272 192 0
w 272 192 592 192 0
w 592 192 592 160 0
w 864 160 1248 160 0
w 240 208 608 208 0
w 608 208 608 192 0
w 848 192 1248 192 0
w 240 208 240 96 0
w 48 288 32 320 0
w 48 256 48 320 0
w 48 224 80 320 0
w 48 192 96 320 0
w 64 384 -80 384 0
152 144 848 224 848 0 2 0 5
w 528 896 528 848 0
w 528 848 384 848 0
w 240 832 240 784 0
w 240 784 160 784 0
w 160 784 144 832 0
w 96 864 144 864 0
w 96 896 96 864 0
w 96 864 96 800 0
150 384 832 304 832 0 2 0 5
w 240 832 304 832 0
w 560 880 416 880 0
I 416 880 416 816 0 0.5 5
w 416 816 384 816 0
w 560 1040 656 1040 0
168 1248 416 1280 416 2048 4
168 1248 256 1280 256 2048 4
168 1248 -432 1280 -432 2048 4
168 1248 -272 1280 -272 2048 4
w 1040 656 1040 -272 0
w 1040 -432 1248 -432 0
w 1040 -272 1248 -272 0
w 1040 -272 1040 -432 0
w 1056 624 1056 64 0
w 1056 64 1248 64 0
w 1056 64 1056 -96 0
w 1056 -96 1248 -96 0
w 1072 592 1072 416 0
w 1072 256 1248 256 0
w 1072 416 1248 416 0
w 1072 416 1072 256 0
w 960 -64 960 -400 0
w 960 -400 1248 -400 0
w 944 -32 944 -368 0
w 944 -368 1248 -368 0
w 928 0 928 -336 0
w 928 -336 1248 -336 0
w 912 32 912 -304 0
w 912 -304 1248 -304 0
w 896 96 896 -240 0
w 896 -240 1248 -240 0
w 880 128 880 -208 0
w 880 -208 1248 -208 0
w 864 160 864 -176 0
w 864 -176 1248 -176 0
w 848 192 848 -144 0
w 848 -144 1248 -144 0
w 496 -64 816 -64 0
w 816 -64 960 -64 0
w 512 -32 800 -32 0
w 800 -32 944 -32 0
w 528 0 784 0 0
w 784 0 928 0 0
w 544 32 768 32 0
w 768 32 912 32 0
w 560 96 752 96 0
w 752 96 896 96 0
w 576 128 736 128 0
w 736 128 880 128 0
w 592 160 720 160 0
w 720 160 864 160 0
w 608 192 704 192 0
w 704 192 848 192 0
w 816 -64 816 288 0
w 816 288 1248 288 0
w 800 -32 800 320 0
w 800 320 1248 320 0
w 784 0 784 352 0
w 784 352 1248 352 0
w 768 32 768 384 0
w 768 384 1248 384 0
w 752 96 752 448 0
w 752 448 1248 448 0
w 736 128 736 480 0
w 736 480 1248 480 0
w 720 160 720 512 0
w 720 512 1248 512 0
w 704 192 704 544 0
w 704 544 1248 544 0
152 752 752 752 672 0 2 0 5
152 816 752 816 672 0 2 0 5
152 880 752 880 672 0 2 0 5
163 672 896 720 896 0 10 5 0 0 0 0 0 0 0 0 0
w 768 864 768 816 0
w 768 816 832 816 0
w 832 816 832 752 0
w 800 864 800 832 0
w 800 832 896 832 0
w 896 832 896 752 0
w 736 864 736 800 0
w 736 800 768 800 0
w 768 800 768 752 0
w 832 864 832 848 0
w 832 848 1040 848 0
w 560 880 560 784 0
w 560 784 736 784 0
w 736 784 736 752 0
w 736 784 800 784 0
w 800 784 800 752 0
w 800 784 864 784 0
w 864 784 864 752 0
w 528 848 672 848 0
w 672 848 672 928 0
152 1056 848 1056 960 0 2 0 5
w 864 784 1072 784 0
w 1072 784 1072 848 0
I 1056 960 992 960 0 0.5 5
197 1424 -560 1520 -560 0
197 1424 -336 1488 -336 0
197 1424 -96 1472 -96 0
197 1424 128 1472 128 0
197 1424 592 1472 592 0
197 1424 368 1472 368 0
w 1344 -400 1424 -560 0
w 1344 -368 1424 -528 0
w 1344 -336 1424 -496 0
w 1344 -304 1424 -464 0
w 1344 -240 1424 -336 0
w 1344 -208 1424 -304 0
w 1344 -176 1424 -272 0
w 1344 -144 1424 -240 0
w 1344 -64 1424 -96 0
w 1344 -32 1424 -64 0
w 1344 0 1424 -32 0
w 1344 32 1424 0 0
w 1344 96 1424 128 0
w 1344 128 1424 160 0
w 1344 160 1424 192 0
w 1344 192 1424 224 0
w 1344 288 1424 368 0
w 1344 320 1424 400 0
w 1344 352 1424 432 0
w 1344 384 1424 464 0
w 1344 448 1424 592 0
w 1344 480 1424 624 0
w 1344 512 1424 656 0
w 1344 544 1424 688 0
157 1552 -560 1600 -560 0
w 1552 -432 1616 -432 0
w 1552 -400 1648 -400 0
w 1648 -400 1648 -432 0
w 1552 -368 1680 -368 0
w 1680 -368 1680 -432 0
w 1680 -144 1680 -208 0
w 1552 -144 1680 -144 0
w 1648 -176 1648 -208 0
w 1552 -176 1648 -176 0
w 1552 -208 1616 -208 0
157 1552 -336 1600 -336 0
w 1680 96 1680 32 0
w 1552 96 1680 96 0
w 1648 64 1648 32 0
w 1552 64 1648 64 0
w 1552 32 1616 32 0
157 1552 -96 1600 -96 0
w 1680 320 1680 256 0
w 1552 320 1680 320 0
w 1648 288 1648 256 0
w 1552 288 1648 288 0
w 1552 256 1616 256 0
157 1552 128 1600 128 0
w 1680 560 1680 496 0
w 1552 560 1680 560 0
w 1648 528 1648 496 0
w 1552 528 1648 528 0
w 1552 496 1616 496 0
157 1552 368 1600 368 0
w 1680 784 1680 720 0
w 1552 784 1680 784 0
w 1648 752 1648 720 0
w 1552 752 1648 752 0
w 1552 720 1616 720 0
157 1552 592 1600 592 0
w -240 416 -240 784 0
w 880 672 880 592 0
w 880 592 1072 592 0
w 816 672 816 624 0
w 816 624 1056 624 0
w 752 656 1040 656 0
w 752 672 752 656 0
w 176 192 176 416 0
w 176 416 -240 416 0
w 960 -400 960 -736 0
w 944 -368 944 -704 0
w 928 -336 928 -672 0
w 912 -304 912 -640 0
w 896 -240 896 -576 0
w 880 -208 880 -544 0
w 864 -176 864 -512 0
w 848 -144 848 -480 0
157 1552 -800 1600 -800 0
w 1552 -672 1616 -672 0
w 1552 -640 1648 -640 0
w 1648 -640 1648 -672 0
w 1552 -608 1680 -608 0
w 1680 -608 1680 -672 0
w 1680 -832 1680 -896 0
w 1552 -832 1680 -832 0
w 1648 -864 1648 -896 0
w 1552 -864 1648 -864 0
w 1552 -896 1616 -896 0
157 1552 -1024 1600 -1024 0
197 1424 -800 1488 -800 0
197 1424 -1024 1520 -1024 0
w 1344 -736 1424 -1024 0
w 1344 -704 1424 -992 0
w 1344 -672 1424 -960 0
w 1344 -640 1424 -928 0
w 1344 -576 1424 -800 0
w 1344 -544 1424 -768 0
w 1344 -512 1424 -736 0
w 1344 -480 1424 -704 0
w 112 720 656 720 0
w 656 720 640 -608 0
w 1232 -608 640 -608 0
w -224 992 -272 992 0
w -272 992 -272 192 0
w -272 192 -128 192 0
