$ 1 0.000005 0.03246524673583497 50 5 50
155 384 96 432 96 0 0
155 384 240 416 240 0 0
155 384 368 432 368 0 0
155 384 512 416 512 0 0
185 64 400 96 400 0
150 352 192 352 128 0 2 0 5
150 352 336 352 272 0 2 0 5
150 352 464 352 400 0 2 0 5
150 352 608 352 544 0 2 0 5
w 352 128 384 128 0
w 352 272 384 272 0
w 352 400 384 400 0
w 352 544 384 544 0
w 192 400 224 400 0
w 224 400 224 208 0
w 224 208 368 208 0
w 368 208 368 192 0
w 192 432 272 432 0
w 272 432 272 352 0
w 272 352 368 352 0
w 368 352 368 336 0
w 192 464 272 464 0
w 272 464 272 496 0
w 272 496 368 496 0
w 368 496 368 464 0
w 192 496 192 624 0
w 192 624 368 624 0
w 368 624 368 608 0
165 96 -80 112 -80 2 0
R 160 -112 160 -176 0 0 40 5 0 0 0.5
w 160 -112 224 -112 0
w 224 -112 224 -48 0
w 160 -112 64 -112 0
r 64 -112 64 -48 0 1000
r 64 -48 64 16 0 10000
w 64 16 64 48 0
c 64 48 64 112 0 1.0000000000000001e-7 3.285019899896338
g 64 112 64 144 0
w 64 -48 96 -48 0
w 64 16 96 16 0
w 64 48 96 48 0
w 224 -16 304 -16 0
w 304 -16 304 192 0
w 304 192 336 192 0
w 304 192 304 336 0
w 304 336 336 336 0
w 304 336 304 464 0
w 304 464 336 464 0
w 304 464 304 608 0
w 304 608 336 608 0
150 1040 64 1040 144 0 2 0 5
152 1120 64 1120 144 0 2 0 5
154 1200 64 1200 144 0 2 0 5
151 1280 64 1280 144 0 2 5 5
180 480 96 544 96 0 0.1 10000000000
180 480 240 544 240 0 0.1 10000000000
180 480 512 544 512 0 0.1 10000000000
180 480 368 544 368 0 0.1 10000000000
185 560 608 608 608 1024
w 512 704 512 528 0
w 528 672 528 400 0
w 528 400 512 384 0
w 544 640 544 272 0
w 544 272 512 256 0
w 560 608 560 144 0
w 560 144 512 112 0
w 544 368 592 368 0
w 544 512 592 512 0
180 1040 144 1040 208 0 0.1 10000000000
180 1120 144 1120 208 0 0.1 10000000000
180 1200 144 1200 208 0 0.1 10000000000
180 1280 144 1280 208 0 0.1 10000000000
w 544 640 560 640 0
w 528 672 560 672 0
w 512 704 560 704 0
155 608 -272 656 -272 0 0
155 608 -112 672 -112 0 0
150 576 -16 576 -80 0 2 0 5
w 576 -80 608 -80 0
w 576 -240 608 -240 0
150 576 -176 576 -240 0 2 0 5
w 704 -112 1024 -112 0
w 1024 -112 1024 32 0
w 1024 32 1024 64 0
w 1024 32 1104 32 0
w 1104 32 1104 64 0
w 1104 32 1184 32 0
w 1184 32 1184 64 0
w 1184 32 1264 32 0
w 1264 32 1264 64 0
w 704 -272 1056 -272 0
w 1056 -272 1056 0 0
w 1056 0 1056 64 0
w 1056 0 1136 0 0
w 1136 0 1136 64 0
w 1136 0 1216 0 0
w 1216 0 1216 64 0
w 1216 0 1296 0 0
w 1296 0 1296 64 0
w 304 -16 528 -16 0
w 528 -160 560 -160 0
w 560 -160 560 -176 0
w 528 -160 528 -16 0
w 528 -16 560 -16 0
185 816 -48 864 -48 0
w 992 -48 992 176 0
w 992 176 1024 176 0
w 976 -16 976 240 0
w 976 240 1104 240 0
w 1104 240 1104 176 0
w 960 16 960 256 0
w 960 256 1184 256 0
w 1184 256 1184 176 0
w 944 48 944 272 0
w 944 272 1264 272 0
w 1264 272 1264 176 0
w 944 16 960 16 0
w 944 -16 976 -16 0
w 944 -48 992 -48 0
w 592 512 592 368 0
w 544 240 592 240 0
w 592 368 592 240 0
w 592 240 592 96 0
w 592 96 544 96 0
w 1040 208 1040 320 0
w 1040 320 1120 320 0
w 1120 320 1120 208 0
w 1120 320 1200 320 0
w 1200 320 1200 208 0
w 1200 320 1280 320 0
w 1280 320 1280 208 0
w 1120 320 1120 368 0
w 592 368 672 368 0
w 1168 368 1328 368 0
w 1328 368 1328 -352 0
w 1328 -352 384 -352 0
w 384 -352 384 -272 0
w 384 -272 608 -272 0
w 384 -272 384 -112 0
w 384 -112 608 -112 0
w 384 -112 384 96 0
w 384 96 384 240 0
w 384 240 384 368 0
w 384 368 384 512 0
189 816 800 912 800 0
150 752 864 816 864 0 2 0 5
w 528 -16 528 16 0
w 528 16 656 16 0
w 656 16 656 480 0
! code 0 a4,a3,a2,a1 LI1,LI2,LOE,LOA1,LOA2,RIE,RIA1,RIA2,ROE,ROA1,ROA2,JMP,OS,DS,DL,DO,D0,D1,D2,D3,D4,D5,D6,D7 code 0000\q000000000000001010100100\n0001\q000000000000100100000000\n0010\q000000000000010000000000\n0011\q000000000001000000010000\n
208 1616 64 1728 64 1024 code 0 0 0 0 0 0 0 0 0 0 0 0 5 0 0 5 0 0 0 0 0 0 0 0
w 1408 64 1408 -176 0
w 1408 -176 592 -176 0
w 592 -16 752 -16 0
w 752 -16 752 -160 0
w 752 -160 1392 -160 0
w 1392 -160 1392 96 0
w 1376 128 1376 -144 0
w 1376 -144 816 -144 0
w 816 -144 816 -48 0
w 1360 160 1360 -128 0
w 1360 -128 800 -128 0
w 800 -128 800 112 0
w 800 112 848 112 0
w 1344 192 1344 -112 0
w 1344 -112 1040 -112 0
w 1040 -112 1040 -96 0
w 1040 -96 784 -96 0
w 784 -96 784 128 0
w 784 128 880 128 0
w 880 128 880 112 0
w 1344 224 1344 912 0
w 1344 912 64 912 0
w 64 912 64 400 0
w 1360 256 1360 928 0
w 1360 928 96 928 0
w 96 928 96 560 0
w 1376 288 1376 944 0
w 1376 944 128 944 0
w 128 944 128 560 0
w 1392 320 1392 960 0
w 1392 960 688 960 0
w 688 960 688 608 0
w 1408 352 1408 976 0
w 1408 976 656 976 0
w 656 976 656 768 0
w 1424 384 1424 992 0
w 1424 992 624 992 0
w 624 992 624 768 0
w 1440 448 1440 1008 0
w 1440 1008 752 1008 0
w 752 1008 752 880 0
w 1456 480 1456 1024 0
w 656 480 704 480 0
w 704 480 704 768 0
w 704 768 752 768 0
w 1472 512 1472 1040 0
w 1168 368 1120 368 0
w 672 368 1120 368 0
w 1488 544 1488 1056 0
w -336 688 -304 688 0
150 -336 752 -336 688 0 2 0 5
186 -304 624 -288 624 0
w 304 608 304 896 0
w 304 896 -320 896 0
w -320 800 -320 752 0
w 384 512 384 656 0
w 384 656 256 656 0
180 192 656 256 656 0 0.1 10000000000
w 48 656 192 656 0
w 1456 1024 -352 1024 0
w -352 1024 -352 752 0
w 1472 1040 -384 1040 0
w -384 1040 -384 656 0
w -384 656 -304 656 0
w 1488 1056 224 1056 0
w 224 1056 224 672 0
w 304 -16 304 -320 0
w 304 -320 1952 -320 0
w -320 896 -320 800 0
w 768 800 816 832 0
w 752 768 752 848 0
w 672 368 672 576 0
w 672 576 720 576 0
w 720 576 720 752 0
w 720 752 768 752 0
w 768 752 768 800 0
197 784 384 800 384 0
w 880 768 784 768 0
w 736 736 736 480 0
w 736 480 784 480 0
w 912 768 912 752 0
w 912 752 800 752 0
w 752 720 752 448 0
w 752 448 784 448 0
w 944 768 944 736 0
w 944 736 816 736 0
w 768 704 768 416 0
w 768 416 784 416 0
w 976 768 976 720 0
w 976 720 832 720 0
w 784 688 784 384 0
197 1088 480 1104 480 0
w 784 768 784 736 0
w 784 736 736 736 0
w 800 752 800 720 0
w 800 720 752 720 0
w 816 736 816 704 0
w 816 704 768 704 0
w 832 720 832 688 0
w 832 688 784 688 0
w 1056 592 1056 512 0
w 1056 512 1088 512 0
w 1072 592 1072 544 0
w 1104 768 1104 608 0
w 1104 608 1088 592 0
w 1088 592 1088 480 0
w 1072 544 1088 544 0
w 1040 768 1056 768 0
w 1008 768 1024 768 0
w 1024 768 1024 752 0
w 1024 752 1040 752 0
w 1072 592 1088 608 0
w 1088 608 1088 768 0
w 1072 768 1088 768 0
w 1056 592 1072 608 0
w 1072 608 1072 752 0
w 1056 768 1056 752 0
w 1056 752 1072 752 0
w 1040 592 1056 608 0
w 1056 608 1056 736 0
w 1056 736 1040 736 0
w 1040 736 1040 752 0
157 912 384 928 384 0
w 912 512 976 512 0
w 912 544 1008 544 0
w 1008 544 1008 512 0
w 912 576 1008 576 0
w 1040 560 1040 512 0
157 1216 480 1264 480 0
w 1216 608 1280 608 0
w 1216 640 1312 640 0
w 1312 640 1312 608 0
w 1216 672 1344 672 0
w 1040 592 1040 576 0
w 1040 576 1088 576 0
w 1344 672 1328 656 0
w 1328 656 1328 624 0
w 1328 624 1344 608 0
w 1008 576 1024 576 0
w 1024 576 1024 560 0
w 1024 560 1040 560 0
w 1504 576 1504 1072 0
w 1504 1072 -416 1072 0
w -416 1072 -416 480 0
w -416 480 -16 480 0
w -16 480 -16 592 0
w 1520 608 1520 1088 0
w 1520 1088 -432 1088 0
w -432 1088 -432 496 0
w -432 496 -48 496 0
w -48 496 -48 592 0
w 1536 640 1536 1104 0
w 1536 1104 -448 1104 0
w -448 1104 -448 512 0
w -448 512 -80 512 0
w -80 512 -80 592 0
w 1552 672 1552 1120 0
w 1552 1120 -464 1120 0
w -464 1120 -464 528 0
w -464 528 -112 528 0
w -112 528 -112 592 0
w 1568 704 1568 912 0
w 1568 1136 -480 1136 0
w -480 1136 -480 544 0
w -480 544 -144 544 0
w -144 544 -144 592 0
w 1584 736 1584 896 0
w 1584 1152 -496 1152 0
w -496 1152 -496 560 0
w -496 560 -176 560 0
w -176 560 -176 592 0
w 1600 768 1600 880 0
w 1600 1168 -512 1168 0
w -512 1168 -512 576 0
w -512 576 -208 576 0
w -208 576 -208 592 0
w 1616 800 1616 864 0
w 1616 1184 -528 1184 0
w -528 1184 -528 592 0
w -528 592 -240 592 0
w 1600 768 1616 768 0
w 1584 736 1616 736 0
w 1568 704 1616 704 0
w 1552 672 1616 672 0
w 1536 640 1616 640 0
w 1520 608 1616 608 0
w 1504 576 1616 576 0
w 1488 544 1616 544 0
w 1472 512 1616 512 0
w 1456 480 1616 480 0
w 1440 448 1616 448 0
w 1424 384 1616 384 0
w 1408 352 1616 352 0
w 1392 320 1616 320 0
w 1376 288 1616 288 0
w 1360 256 1616 256 0
w 1344 224 1616 224 0
w 1344 192 1616 192 0
w 1360 160 1616 160 0
w 1376 128 1616 128 0
w 1392 96 1616 96 0
w 1408 64 1616 64 0
w 2128 896 2128 880 0
w 2048 896 2128 896 0
w 2048 592 2048 896 0
w 2016 592 2048 592 0
w 2224 880 2448 880 0
w 2224 848 2224 880 0
w 2416 784 2448 784 0
w 2416 816 2416 784 0
w 2224 816 2416 816 0
w 2368 688 2448 688 0
w 2368 784 2368 688 0
w 2224 784 2368 784 0
w 2384 592 2448 592 0
w 2384 752 2384 592 0
w 2224 752 2384 752 0
w 2400 848 2448 848 0
w 2400 640 2400 848 0
w 2112 640 2400 640 0
w 2112 560 2112 640 0
w 2416 752 2448 752 0
w 2416 624 2416 752 0
w 2224 624 2416 624 0
w 2224 560 2224 624 0
w 2432 608 2432 656 0
w 2336 608 2432 608 0
w 2432 656 2448 656 0
w 2336 560 2336 608 0
w 2096 848 2128 848 0
w 2096 976 2096 848 0
w 1984 976 2096 976 0
w 2080 816 2128 816 0
w 2080 880 2080 816 0
w 1984 880 2080 880 0
w 1984 784 2128 784 0
w 2128 688 2128 752 0
w 1984 688 2128 688 0
g 1888 976 1872 976 0
g 2448 912 2432 912 0
196 2448 560 2464 560 0
196 2448 656 2480 656 0
196 2448 752 2480 752 0
196 2448 848 2480 848 0
w 2544 848 2544 832 0
w 2544 832 2448 832 0
w 2448 832 2448 816 0
w 2544 752 2544 736 0
w 2544 736 2448 736 0
w 2448 736 2448 720 0
w 2544 656 2544 640 0
w 2544 640 2448 640 0
w 2448 640 2448 624 0
g 1888 656 1872 656 0
g 1888 752 1872 752 0
g 1888 848 1872 848 0
R 1888 944 1856 944 0 0 40 5 0 0 0.5
w 1888 704 1888 688 0
w 1984 704 1888 704 0
w 1984 720 1984 704 0
w 1888 800 1888 784 0
w 1984 800 1888 800 0
w 1984 816 1984 800 0
w 1888 896 1888 880 0
w 1984 896 1888 896 0
w 1984 912 1984 896 0
196 1888 912 1920 912 0
196 1888 816 1920 816 0
196 1888 720 1920 720 0
196 1888 624 1904 624 0
168 2128 752 2144 752 0 4
w 2352 592 2352 560 0
w 2240 592 2352 592 0
w 2240 592 2240 560 0
w 2128 592 2240 592 0
w 2128 592 2128 560 0
w 2048 592 2128 592 0
w 2016 592 2016 560 0
w 1888 592 2016 592 0
w 1888 544 1888 592 0
I 1888 544 1952 544 0 0.5 5
150 1952 528 2016 528 0 2 0 5
R 2016 496 2016 464 0 0 40 5 0 0 0.5
R 2128 496 2128 464 0 0 40 5 0 0 0.5
R 2240 496 2240 464 0 0 40 5 0 0 0.5
R 2352 496 2352 464 0 0 40 5 0 0 0.5
w 2336 496 2352 528 0
w 2224 496 2240 528 0
w 2112 496 2128 528 0
193 2352 496 2368 496 2 5
193 2240 496 2304 496 2 5
193 2128 496 2304 496 2 5
193 2016 496 2064 496 2 5
w 2544 624 2576 624 0
w 2576 624 2576 64 0
w 2544 720 2592 720 0
w 2592 720 2592 96 0
w 2544 816 2608 816 0
w 2608 816 2608 128 0
w 2544 912 2624 912 0
w 2624 912 2624 160 0
w 1952 -320 1952 512 0
w 1616 864 1728 864 0
w 1728 864 1728 624 0
w 1728 624 1888 624 0
w 1616 864 1616 1184 0
w 1600 880 1744 880 0
w 1744 880 1744 720 0
w 1744 720 1888 720 0
w 1600 1168 1600 880 0
w 1584 896 1760 896 0
w 1760 896 1760 816 0
w 1760 816 1888 816 0
w 1584 1152 1584 896 0
w 1568 912 1888 912 0
w 1568 912 1568 1136 0
w 1616 416 1584 416 0
w 1584 416 1584 0 0
w 1584 0 1888 0 0
w 1888 0 1888 544 0
w 2576 64 1712 64 0
w 2592 96 1712 96 0
w 2608 128 1712 128 0
w 2624 160 1712 160 0

