$ 1 0.000005 10.20027730826997 50 5 50
193 0 144 32 144 2 5
R -64 160 -144 160 1 2 300 2.5 2.5 0 0.5
R 0 144 0 80 0 0 40 5 0 0 0.5
R 112 144 112 80 0 0 40 5 0 0 0.5
193 112 144 144 144 2 0
R 224 144 224 80 0 0 40 5 0 0 0.5
193 224 144 256 144 2 5
193 336 144 368 144 2 5
R 336 144 336 80 0 0 40 5 0 0 0.5
w 96 144 112 176 0
w 208 144 224 176 0
w 320 144 336 176 0
150 -64 176 0 176 0 2 0 5
L -160 192 -224 192 0 0 false 5 0
I -160 192 -96 192 0 0.5 5
w 0 240 0 208 0
w -96 192 -64 192 0
w 0 240 112 240 0
w 112 240 112 208 0
w 112 240 224 240 0
w 224 240 224 208 0
w 224 240 336 240 0
w 336 240 336 208 0
w -160 192 -160 240 0
w -160 240 0 240 0
w 448 240 448 208 0
w 336 240 448 240 0
w 432 144 448 176 0
R 448 144 448 80 0 0 40 5 0 0 0.5
193 448 144 480 144 2 0
w 560 240 560 208 0
w 448 240 560 240 0
w 544 144 560 176 0
R 560 144 560 80 0 0 40 5 0 0 0.5
193 560 144 592 144 2 5
w 672 240 672 208 0
w 560 240 672 240 0
w 656 144 672 176 0
R 672 144 672 80 0 0 40 5 0 0 0.5
193 672 144 704 144 2 5
w 784 240 784 208 0
w 672 240 784 240 0
w 768 144 784 176 0
R 784 144 784 80 0 0 40 5 0 0 0.5
193 784 144 816 144 2 5
196 -48 336 -32 336 0
196 -48 448 -32 448 0
196 -48 560 -32 560 0
196 -48 672 -16 672 0
196 -48 784 -16 784 0
196 -48 896 -16 896 0
196 -48 1008 -16 1008 0
196 -48 1120 -32 1120 0
w 48 1120 48 1104 0
w 48 1104 -48 1104 0
w -48 1104 -48 1072 0
w 48 1008 48 992 0
w 48 992 -48 992 0
w -48 992 -48 960 0
w 48 896 48 880 0
w 48 880 -48 880 0
w -48 880 -48 848 0
w 48 784 48 768 0
w 48 768 -48 768 0
w -48 768 -48 736 0
w 48 672 48 656 0
w 48 656 -48 656 0
w -48 656 -48 624 0
w 48 560 48 544 0
w 48 544 -48 544 0
w -48 544 -48 512 0
w 48 448 48 432 0
w 48 432 -48 432 0
w -48 432 -48 400 0
R -48 1152 -80 1152 0 0 40 5 0 0 0.5
g -48 1040 -64 1040 0
g -48 928 -64 928 0
g -48 816 -64 816 0
g -48 704 -64 704 0
g -48 592 -64 592 0
g -48 480 -64 480 0
g -48 368 -64 368 0
L -208 320 -272 320 0 1 false 5 0
L -208 352 -272 352 0 0 false 5 0
L -208 384 -272 384 0 0 false 5 0
L -208 416 -272 416 0 1 false 5 0
L -208 544 -272 544 0 0 false 5 0
L -208 512 -272 512 0 1 false 5 0
L -208 480 -272 480 0 0 false 5 0
L -208 448 -272 448 0 0 false 5 0
w -208 544 -208 1120 0
w -208 1120 -48 1120 0
w -208 512 -192 512 0
w -192 512 -192 1008 0
w -192 1008 -48 1008 0
w -208 480 -176 480 0
w -176 480 -176 896 0
w -176 896 -48 896 0
w -208 448 -160 448 0
w -160 448 -160 784 0
w -160 784 -48 784 0
w -208 416 -144 416 0
w -144 416 -144 672 0
w -144 672 -48 672 0
w -208 384 -128 384 0
w -128 384 -128 560 0
w -128 560 -48 560 0
w -208 352 -112 352 0
w -112 352 -112 448 0
w -112 448 -48 448 0
w -208 320 -96 320 0
w -96 320 -96 336 0
w -96 336 -48 336 0
w 880 304 880 272 0
w 976 304 880 304 0
w 976 320 976 304 0
w 880 416 880 384 0
w 976 416 880 416 0
w 976 432 976 416 0
w 880 528 880 496 0
w 976 528 880 528 0
w 976 544 976 528 0
w 880 640 880 608 0
w 976 640 880 640 0
w 976 656 976 640 0
w 880 752 880 720 0
w 976 752 880 752 0
w 976 768 976 752 0
w 880 864 880 832 0
w 976 864 880 864 0
w 976 880 976 864 0
w 880 976 880 944 0
w 976 976 880 976 0
w 976 992 976 976 0
196 880 992 896 992 0
196 880 880 912 880 0
196 880 768 912 768 0
196 880 656 912 656 0
196 880 544 912 544 0
196 880 432 896 432 0
196 880 320 896 320 0
196 880 208 896 208 0
M 1200 272 1328 272 0 2.5
M 1200 304 1328 304 0 2.5
M 1200 336 1328 336 0 2.5
M 1200 368 1328 368 0 2.5
M 1200 400 1328 400 0 2.5
M 1200 432 1328 432 0 2.5
M 1200 496 1328 496 0 2.5
M 1200 464 1328 464 0 2.5
w 976 272 1200 272 0
w 976 384 992 384 0
w 992 384 992 304 0
w 992 304 1200 304 0
w 976 496 1008 496 0
w 1008 496 1008 336 0
w 1008 336 1200 336 0
w 976 608 1024 608 0
w 1024 608 1024 368 0
w 1024 368 1200 368 0
w 976 720 1040 720 0
w 1040 720 1040 400 0
w 1040 400 1200 400 0
w 976 832 1056 832 0
w 1056 832 1056 432 0
w 1056 432 1200 432 0
w 976 944 1072 944 0
w 1072 944 1072 464 0
w 1072 464 1200 464 0
w 976 1056 1088 1056 0
w 1088 1056 1088 496 0
w 1088 496 1200 496 0
168 176 528 192 528 0 4
168 176 720 224 720 0 4
w 144 1184 144 816 0
w 144 816 176 816 0
w 128 1072 128 784 0
w 128 784 176 784 0
w 112 960 112 752 0
w 112 752 176 752 0
w 96 848 96 720 0
w 96 720 176 720 0
w 80 736 80 624 0
w 80 624 176 624 0
w 64 624 64 592 0
w 64 592 176 592 0
w 64 512 64 560 0
w 64 560 176 560 0
w 80 400 80 528 0
w 80 528 176 528 0
w 48 1184 144 1184 0
w 48 1072 128 1072 0
w 48 960 112 960 0
w 48 848 96 848 0
w 48 736 80 736 0
w 48 624 64 624 0
w 48 512 64 512 0
w 48 400 80 400 0
w 768 208 768 320 0
w 768 320 880 320 0
w 656 208 656 256 0
w 752 432 880 432 0
w 544 208 544 272 0
w 736 544 880 544 0
w 432 208 432 288 0
w 656 256 752 256 0
w 752 256 752 432 0
w 544 272 736 272 0
w 736 272 736 544 0
w 432 288 720 288 0
w 720 288 720 656 0
w 720 656 880 656 0
w 320 208 320 304 0
w 320 304 704 304 0
w 704 304 704 768 0
w 704 768 880 768 0
w 208 208 208 320 0
w 208 320 688 320 0
w 688 320 688 880 0
w 688 880 880 880 0
w 96 208 96 320 0
w 96 320 192 320 0
w 192 320 192 336 0
w 192 336 672 336 0
w 672 336 672 992 0
w 672 992 880 992 0
w 272 528 272 352 0
w 272 352 784 352 0
w 784 352 784 272 0
w 784 272 800 272 0
w 800 272 800 240 0
w 800 240 880 240 0
w 272 560 288 560 0
w 288 560 288 368 0
w 288 368 800 368 0
w 800 368 800 352 0
w 800 352 880 352 0
w 272 592 304 592 0
w 304 592 304 464 0
w 304 464 880 464 0
w 272 624 320 624 0
w 320 624 320 576 0
w 320 576 880 576 0
w 272 720 272 688 0
w 272 688 880 688 0
w 272 752 640 752 0
w 640 752 640 800 0
w 640 800 880 800 0
w 272 784 624 784 0
w 624 784 624 912 0
w 624 912 880 912 0
w 272 816 592 816 0
w 592 816 592 1024 0
w 592 1024 880 1024 0
w 112 240 112 288 0
w 112 288 160 288 0
w 160 288 160 656 0
w 160 656 176 656 0
w 160 656 160 848 0
w 160 848 176 848 0

