$ 0 0.000005 8.281975887399955 1 5 43
164 128 80 176 80 0 4 0 0 0 5 false
! fake-data 0 A,B,C,D E,F,G,H,I,J,K,L fake-data 0000\q00000000\n0001\q01001110\n0010\q10000010\n0011\q00110011\n0100\q00101111\n0101\q00110010\n0110\q10101011\n0111\q10100000\n1000\q00000001\n1001\q11110101\n1010\q01111100\n1011\q00110101\n1100\q00110100\n1101\q01110101\n1110\q00100000\n1111\q11101001\n
208 224 80 240 80 0 fake-data 0 5 0 0 5 5 5 0
R -128 288 -176 288 0 0 40 5 0 0 0.5
s -128 288 -48 288 0 1 false
w -48 288 48 288 0
w 48 288 48 176 0
w 48 80 96 80 0
w 80 176 128 176 0
186 256 336 288 336 0
w 320 272 352 272 0
w 352 272 352 304 0
w 320 240 384 240 0
w 384 240 384 304 0
w 320 208 416 208 0
w 416 208 416 304 0
w 320 176 448 176 0
w 448 176 448 304 0
w 320 144 480 144 0
w 480 144 480 304 0
w 320 112 512 112 0
w 512 112 512 304 0
w 320 80 544 80 0
w 544 80 544 304 0
w 96 400 256 400 0
163 112 496 144 496 0 10 0 0 5 0 0 0 0 0 0 0
w 96 400 96 528 0
w 96 528 112 528 0
w 400 464 400 432 0
w 400 432 528 432 0
w 528 432 528 544 0
w 400 432 224 432 0
w 224 432 224 368 0
w 224 368 256 368 0
189 672 336 704 336 0
w 96 528 96 592 0
w 96 592 672 592 0
w 672 592 672 400 0
154 944 96 848 96 0 2 0 5
154 848 112 752 112 0 2 0 5
154 752 128 672 128 0 2 0 5
152 624 256 624 336 0 2 0 5
w 576 288 576 256 0
w 576 256 608 256 0
w 624 336 624 368 0
w 624 368 672 368 0
w 960 288 960 80 0
w 960 80 944 80 0
w 896 304 896 256 0
w 896 160 944 160 0
w 944 160 944 112 0
w 832 304 832 224 0
w 832 160 848 160 0
w 848 160 848 128 0
w 800 304 800 208 0
w 800 160 752 160 0
w 752 160 752 144 0
w 48 176 80 176 0
w 80 176 80 32 0
w 80 32 624 32 0
w 608 368 608 320 0
w 608 320 576 288 0
150 640 176 640 256 0 2 0 5
w 672 128 656 128 0
w 656 128 656 176 0
I 624 32 624 176 0 0.5 5
w 96 80 96 400 0
w 224 368 128 368 0
w 128 368 128 80 0
w 48 288 48 640 0
w 48 640 528 640 0
w 528 640 528 576 0
153 528 560 432 560 0 2 5 5
168 1072 96 1200 96 0 4
168 1072 256 1120 256 0 4
w 736 304 736 176 0
w 736 176 992 176 0
w 768 304 768 192 0
w 768 192 992 192 0
w 800 160 800 208 0
w 800 208 992 208 0
w 832 224 992 224 0
w 832 224 832 160 0
w 864 304 864 240 0
w 864 240 992 240 0
w 896 256 992 256 0
w 896 256 896 160 0
w 928 304 928 272 0
w 928 272 992 272 0
w 960 288 992 288 0
w 960 288 960 304 0
w 992 176 1072 96 0
w 992 192 1072 128 0
w 992 208 1072 160 0
w 992 224 1072 192 0
w 992 240 1072 256 0
w 992 256 1072 288 0
w 992 272 1072 320 0
w 992 288 1072 352 0
197 1216 48 1328 48 0
197 1216 272 1280 272 0
157 1344 48 1392 48 0
157 1344 272 1392 272 0
w 1344 176 1408 176 0
w 1344 208 1440 208 0
w 1440 208 1440 176 0
w 1344 240 1472 240 0
w 1472 240 1472 176 0
w 1344 400 1408 400 0
w 1344 432 1440 432 0
w 1440 432 1440 400 0
w 1344 464 1472 464 0
w 1472 464 1472 400 0
w 1168 96 1216 48 0
w 1168 128 1216 80 0
w 1168 160 1216 112 0
w 1168 192 1216 144 0
w 1168 256 1216 272 0
w 1168 288 1216 304 0
w 1168 320 1216 336 0
w 1168 352 1216 368 0
w 528 432 1024 432 0
w 1040 384 1072 384 0
w 1040 384 1040 224 0
w 1040 224 1072 224 0
R 48 80 -16 80 1 2 100 2.5 2.5 0 0.5
w 528 640 1056 640 0
152 1040 432 1040 384 0 2 0 5
w 1056 640 1056 512 0
165 1088 544 1120 544 2 0
w 1056 512 1152 512 0
w 1152 512 1216 512 0
w 1216 512 1216 576 0
R 1088 496 1088 448 0 0 40 5 0 0 0.5
r 1088 496 1088 576 0 1000
r 1088 576 1088 640 0 1000
w 1088 640 1088 672 0
c 1088 672 1088 720 0 3.0000000000000004e-7 0.049504950495049625
g 1088 720 1088 752 0
w 1216 608 1232 608 0
w 1232 608 1232 512 0
w 1216 480 1056 480 0
w 1056 480 1056 432 0
w 1232 512 1216 480 0

