$ 1 0.000005 10.20027730826997 50 5 43
189 208 144 320 144 0
R 208 208 128 208 1 2 200 2.5 2.5 0 0.5
189 544 144 544 192 0
w 496 112 544 112 0
w 544 112 544 176 0
w 208 208 208 240 0
w 208 240 544 240 0
w 544 240 544 208 0
L 16 160 -48 160 0 0 false 5 0
w 832 112 832 0 0
w 832 0 752 0 0
w 768 112 768 32 0
w 768 32 752 32 0
w 736 112 736 64 0
w 736 64 656 64 0
w 656 64 656 48 0
w 672 112 672 96 0
w 640 80 560 80 0
w 560 80 560 64 0
w 464 48 16 48 0
154 560 48 464 48 0 2 0 5
154 656 32 560 32 0 2 5 5
154 752 16 656 16 0 2 5 5
w 272 112 256 112 0
w 256 112 256 32 0
w 304 112 304 80 0
w 304 80 272 80 0
w 272 80 272 16 0
w 336 112 336 64 0
w 336 64 288 64 0
w 288 64 288 0 0
w 368 112 368 48 0
w 368 48 304 48 0
w 304 48 304 -16 0
w 400 112 400 32 0
w 400 32 320 32 0
w 320 32 320 -32 0
w 432 112 432 16 0
w 432 16 336 16 0
w 336 16 336 -48 0
w 464 112 464 0 0
w 464 0 352 0 0
w 352 0 352 -64 0
w 496 112 496 -16 0
w 496 -16 368 -16 0
w 368 -16 368 -80 0
w 608 112 608 96 0
w 608 96 384 96 0
w 384 96 384 -32 0
w 640 112 640 80 0
w 640 80 400 80 0
w 400 80 400 -32 0
w 672 96 416 96 0
w 416 96 416 -32 0
w 672 96 672 -16 0
w 672 -16 432 -16 0
w 432 -16 432 -64 0
w 704 112 704 0 0
w 704 0 448 0 0
w 448 0 448 -32 0
w 736 64 736 -32 0
w 736 -32 464 -32 0
w 768 32 768 -48 0
w 768 -48 560 -48 0
w 560 -48 560 -16 0
w 560 -16 480 -16 0
w 480 -16 480 -32 0
w 800 112 800 -32 0
w 800 -32 496 -32 0
152 16 144 96 144 0 2 0 5
w 16 48 16 128 0
w 192 128 192 176 0
w 192 176 208 176 0
197 0 -336 16 -336 0
157 128 -336 160 -336 0
w 128 -208 192 -208 0
w 128 -176 224 -176 0
w 224 -176 224 -208 0
w 128 -144 256 -144 0
w 256 -144 256 -208 0
w 544 -144 544 -208 0
w 416 -144 544 -144 0
w 512 -176 512 -208 0
w 416 -176 512 -176 0
w 416 -208 480 -208 0
157 416 -336 448 -336 0
197 288 -336 304 -336 0
w 832 -144 832 -208 0
w 704 -144 832 -144 0
w 800 -176 800 -208 0
w 704 -176 800 -176 0
w 704 -208 768 -208 0
157 704 -336 736 -336 0
197 576 -336 592 -336 0
w 1120 -144 1120 -208 0
w 992 -144 1120 -144 0
w 1088 -176 1088 -208 0
w 992 -176 1088 -176 0
w 992 -208 1056 -208 0
157 992 -336 1024 -336 0
197 864 -336 880 -336 0
w 256 32 0 32 0
w 0 32 0 -240 0
w 272 16 0 16 0
w 0 16 0 -272 0
w 288 0 0 0 0
w 0 0 0 -304 0
w 304 -16 0 -16 0
w 0 -16 0 -336 0
w 320 -32 288 -32 0
w 288 -32 288 -336 0
w 336 -48 288 -48 0
w 288 -48 288 -304 0
w 352 -64 288 -64 0
w 288 -64 288 -272 0
w 368 -80 288 -80 0
w 288 -80 288 -240 0
w 384 -32 384 -112 0
w 384 -112 576 -112 0
w 576 -112 576 -336 0
w 400 -32 400 -96 0
w 400 -96 576 -96 0
w 576 -96 576 -304 0
w 416 -32 416 -80 0
w 416 -80 576 -80 0
w 576 -80 576 -272 0
w 432 -64 576 -64 0
w 576 -64 576 -240 0
w 448 -32 448 -112 0
w 448 -112 864 -112 0
w 864 -112 864 -336 0
w 464 -32 464 -96 0
w 464 -96 864 -96 0
w 864 -96 864 -304 0
w 480 -32 480 -80 0
w 480 -80 864 -80 0
w 864 -80 864 -272 0
w 496 -32 496 -64 0
w 496 -64 864 -64 0
w 864 -64 864 -240 0
150 96 128 192 128 0 2 0 5
L 0 80 -48 80 0 0 false 5 0
I 0 80 96 80 0 0.5 5
w 96 80 96 112 0

