$ 1 0.000005 10.20027730826997 50 5 43
! serial-data 0 A,B,C,D,E F serial-data 00000\q0\n00001\q1\n00010\q1\n00011\q0\n00100\q0\n00101\q1\n00110\q1\n00111\q1\n01000\q1\n01001\q1\n01010\q1\n01011\q0\n01100\q0\n01101\q0\n01110\q1\n01111\q0\n10000\q0\n10001\q1\n10010\q0\n10011\q0\n10100\q1\n10101\q1\n10110\q0\n10111\q0\n11000\q0\n11001\q0\n11010\q1\n11011\q0\n11100\q0\n11101\q1\n11110\q0\n11111\q1\n
208 64 0 80 0 0 serial-data 0
164 -160 -128 -144 -128 0 4 0 0 0 0 false
R -176 272 -208 272 1 2 200 2.5 2.5 0 0.5
L -160 368 -192 368 0 1 false 5 0
189 192 112 224 112 0
163 240 448 256 448 0 10 5 0 0 0 0 0 0 0 0 0
163 608 448 672 448 0 10 5 0 0 0 0 0 0 0 0 0
w 192 480 240 480 0
w 736 400 960 400 0
w 960 400 960 592 0
w 960 592 928 592 0
w 592 480 608 480 0
w 592 480 592 592 0
w 592 592 560 592 0
w 736 416 736 400 0
w 528 400 528 416 0
w 192 480 192 176 0
w -176 272 -176 480 0
w -176 480 192 480 0
w 544 512 560 512 0
w 912 512 928 512 0
153 544 592 544 512 0 2 0 5
153 912 592 912 512 0 2 0 5
w -160 368 -160 608 0
w 96 608 528 608 0
w 528 608 528 592 0
w 528 608 896 608 0
w 896 608 896 592 0
168 512 -208 528 -208 0 4
168 512 -48 544 -48 0 4
w 640 416 640 368 0
w 496 80 512 80 0
w 496 80 496 -80 0
w 496 -80 512 -80 0
w 256 80 256 -208 0
w 288 80 288 -176 0
w 320 80 320 -144 0
w 352 80 352 -112 0
w 384 80 384 -48 0
w 416 80 416 -16 0
w 448 80 448 16 0
w 480 80 480 48 0
197 640 -240 688 -240 0
197 640 -16 688 -16 0
w 608 -48 640 -16 0
w 608 -16 640 16 0
w 608 16 640 48 0
w 608 48 640 80 0
w 608 -208 640 -240 0
w 608 -176 640 -208 0
w 608 -144 640 -176 0
w 608 -112 640 -144 0
157 768 -240 800 -240 0
157 768 -16 784 -16 0
w 768 112 832 112 0
w 768 144 864 144 0
w 864 144 864 112 0
w 768 176 896 176 0
w 896 176 896 112 0
w 768 -112 832 -112 0
w 768 -80 864 -80 0
w 864 -80 864 -112 0
w 768 -48 896 -48 0
w 896 -48 896 -112 0
w 480 48 512 48 0
w 448 16 512 16 0
w 416 -16 512 -16 0
w 384 -48 512 -48 0
w 352 -112 512 -112 0
w 320 -144 512 -144 0
w 288 -176 512 -176 0
w 256 -208 512 -208 0
w 512 128 512 80 0
152 560 208 560 128 0 2 5 5
w 512 128 560 128 0
w -160 608 96 608 0
w 96 608 96 384 0
w 96 384 208 384 0
w 208 384 208 352 0
w 208 384 512 384 0
w 640 368 592 368 0
w 1440 -32 1440 -96 0
w 1312 -32 1440 -32 0
w 1408 -64 1408 -96 0
w 1312 -64 1408 -64 0
w 1312 -96 1376 -96 0
w 1440 192 1440 128 0
w 1312 192 1440 192 0
w 1408 160 1408 128 0
w 1312 160 1408 160 0
w 1312 128 1376 128 0
157 1312 0 1328 0 0
157 1312 -224 1344 -224 0
w 1152 -96 1184 -128 0
w 1152 -128 1184 -160 0
w 1152 -160 1184 -192 0
w 1152 -192 1184 -224 0
w 1152 64 1184 96 0
w 1152 32 1184 64 0
w 1152 0 1184 32 0
w 1152 -32 1184 0 0
197 1184 0 1232 0 0
197 1184 -224 1232 -224 0
168 1056 -32 1088 -32 0 4
168 1056 -192 1072 -192 0 4
w 256 -208 256 -384 0
w 256 -384 1056 -384 0
w 1056 -384 1056 -192 0
w 288 -176 288 -368 0
w 288 -368 1040 -368 0
w 1040 -368 1040 -160 0
w 1040 -160 1056 -160 0
w 320 -144 320 -352 0
w 320 -352 1024 -352 0
w 1024 -352 1024 -128 0
w 1024 -128 1056 -128 0
w 352 -112 352 -336 0
w 352 -336 1008 -336 0
w 1008 -336 1008 -96 0
w 1008 -96 1056 -96 0
w 384 -48 384 -320 0
w 384 -320 992 -320 0
w 992 -320 992 -32 0
w 992 -32 1056 -32 0
w 416 -16 416 -304 0
w 416 -304 976 -304 0
w 976 -304 976 0 0
w 976 0 1056 0 0
w 448 16 448 -288 0
w 448 -288 960 -288 0
w 960 -288 960 32 0
w 960 32 1056 32 0
w 480 48 480 -272 0
w 480 -272 944 -272 0
w 944 -272 944 64 0
w 944 64 1056 64 0
152 1056 240 1056 160 0 2 5 5
w 1056 160 1056 96 0
w 1056 96 1024 96 0
w 1024 96 1024 -64 0
w 1024 -64 1056 -64 0
w 512 384 512 208 0
w 512 384 1040 384 0
w 1040 384 1040 240 0
w 672 416 672 368 0
w 672 368 1072 368 0
150 576 288 576 208 0 2 0 5
w 512 208 544 208 0
w 480 240 480 256 0
w 480 256 400 304 0
w 400 304 400 320 0
w 480 336 480 320 0
w 480 320 400 272 0
w 400 272 400 256 0
153 400 240 480 240 0 2 5 5
153 400 336 480 336 0 2 0 5
w 528 400 368 400 0
w 368 400 368 224 0
w 368 224 400 224 0
w 208 352 400 352 0
w 592 368 592 288 0
w 480 336 560 336 0
w 560 336 560 288 0
w 528 400 592 400 0
w 592 400 592 480 0
164 -160 128 -128 128 0 4 0 0 0 0 false
151 -64 64 -64 0 0 4 5 5
w -64 0 -176 0 0
w -176 0 -176 -128 0
w -176 -128 -160 -128 0
w -64 128 -64 96 0
w -64 160 -48 160 0
w -48 160 -48 96 0
w -80 80 -80 64 0
w -48 96 -80 80 0
w -64 192 -32 192 0
w -32 192 -32 96 0
w -32 96 -48 64 0
w -64 224 -16 224 0
w -16 224 -16 96 0
w -16 96 -32 64 0
w -64 96 -96 80 0
w -96 80 -96 64 0
w -176 272 -176 128 0
w -176 128 -160 128 0
w -160 368 -160 224 0
w -160 224 -160 64 0
w -16 224 64 128 0
w -32 192 64 96 0
w -48 160 64 64 0
w -64 128 64 32 0
w -64 -32 64 0 0
w 160 0 160 144 0
w 160 144 192 144 0
168 1616 -192 1632 -192 0 4
168 1616 -32 1648 -32 0 4
197 1744 -224 1792 -224 0
197 1744 0 1792 0 0
w 1712 -32 1744 0 0
w 1712 0 1744 32 0
w 1712 32 1744 64 0
w 1712 64 1744 96 0
w 1712 -192 1744 -224 0
w 1712 -160 1744 -192 0
w 1712 -128 1744 -160 0
w 1712 -96 1744 -128 0
157 1872 -224 1904 -224 0
157 1872 0 1888 0 0
w 1872 128 1936 128 0
w 1872 160 1968 160 0
w 1968 160 1968 128 0
w 1872 192 2000 192 0
w 2000 192 2000 128 0
w 1872 -96 1936 -96 0
w 1872 -64 1968 -64 0
w 1968 -64 1968 -96 0
w 1872 -32 2000 -32 0
w 2000 -32 2000 -96 0
w 1584 -64 1616 -64 0
w 1584 96 1584 -64 0
w 1616 96 1584 96 0
w 1616 160 1616 96 0
w 1504 64 1616 64 0
w 1504 -272 1504 64 0
w 1520 32 1616 32 0
w 1520 -288 1520 32 0
w 1536 0 1616 0 0
w 1536 -304 1536 0 0
w 1552 -32 1616 -32 0
w 1552 -320 1552 -32 0
w 1568 -96 1616 -96 0
w 1568 -336 1568 -96 0
w 1584 -128 1616 -128 0
w 1584 -352 1584 -128 0
w 1600 -160 1616 -160 0
w 1600 -368 1600 -160 0
w 1616 -384 1616 -192 0
w 944 -272 1504 -272 0
w 960 -288 1520 -288 0
w 976 -304 1536 -304 0
w 992 -320 1552 -320 0
w 1008 -336 1568 -336 0
w 1024 -352 1584 -352 0
w 1040 -368 1600 -368 0
w 1056 -384 1616 -384 0
152 1616 240 1616 160 0 2 5 5
w 704 416 704 352 0
w 1072 368 1072 240 0
w 704 352 1632 352 0
w 1632 352 1632 240 0
w 1040 384 1600 384 0
w 1600 384 1600 240 0
w -64 -64 -32 -64 0
w -32 -64 -32 -160 0
w -32 -160 -256 -160 0
152 -256 -32 -160 -32 0 2 5 5
w -256 -160 -256 -48 0
w -160 64 -256 64 0
w -256 64 -256 -16 0

